vin	V(n007)
6.600000000000001e+00	4.969230e+00
6.610000000000000e+00	4.969234e+00
6.620000000000000e+00	4.969237e+00
6.630000000000000e+00	4.969241e+00
6.640000000000000e+00	4.969245e+00
6.649999999999999e+00	4.969249e+00
6.659999999999999e+00	4.969253e+00
6.669999999999999e+00	4.969256e+00
6.679999999999999e+00	4.969260e+00
6.689999999999999e+00	4.969264e+00
6.699999999999998e+00	4.969268e+00
6.709999999999998e+00	4.969272e+00
6.719999999999998e+00	4.969275e+00
6.729999999999998e+00	4.969279e+00
6.739999999999998e+00	4.969283e+00
6.749999999999997e+00	4.969287e+00
6.759999999999997e+00	4.969291e+00
6.769999999999997e+00	4.969295e+00
6.779999999999997e+00	4.969298e+00
6.789999999999996e+00	4.969302e+00
6.799999999999996e+00	4.969306e+00
6.809999999999996e+00	4.969310e+00
6.819999999999996e+00	4.969314e+00
6.829999999999996e+00	4.969317e+00
6.839999999999995e+00	4.969321e+00
6.849999999999995e+00	4.969325e+00
6.859999999999995e+00	4.969329e+00
6.869999999999995e+00	4.969332e+00
6.879999999999995e+00	4.969336e+00
6.889999999999994e+00	4.969340e+00
6.899999999999994e+00	4.969344e+00
6.909999999999994e+00	4.969347e+00
6.919999999999994e+00	4.969351e+00
6.929999999999993e+00	4.969355e+00
6.939999999999993e+00	4.969359e+00
6.949999999999993e+00	4.969363e+00
6.959999999999993e+00	4.969367e+00
6.969999999999993e+00	4.969370e+00
6.979999999999992e+00	4.969374e+00
6.989999999999992e+00	4.969378e+00
7.000000000000000e+00	4.969382e+00
