vin	V(n007)
6.600000000000001e+00	5.159120e+00
6.610000000000000e+00	5.166023e+00
6.620000000000000e+00	5.171982e+00
6.630000000000000e+00	5.177569e+00
6.640000000000000e+00	5.182541e+00
6.649999999999999e+00	5.186832e+00
6.659999999999999e+00	5.190425e+00
6.669999999999999e+00	5.193337e+00
6.679999999999999e+00	5.195622e+00
6.689999999999999e+00	5.197361e+00
6.699999999999998e+00	5.198649e+00
6.709999999999998e+00	5.199584e+00
6.719999999999998e+00	5.200250e+00
6.729999999999998e+00	5.200719e+00
6.739999999999998e+00	5.201047e+00
6.749999999999997e+00	5.201276e+00
6.759999999999997e+00	5.201435e+00
6.769999999999997e+00	5.201545e+00
6.779999999999997e+00	5.201622e+00
6.789999999999996e+00	5.201677e+00
6.799999999999996e+00	5.201716e+00
6.809999999999996e+00	5.201744e+00
6.819999999999996e+00	5.201766e+00
6.829999999999996e+00	5.201782e+00
6.839999999999995e+00	5.201795e+00
6.849999999999995e+00	5.201805e+00
6.859999999999995e+00	5.201814e+00
6.869999999999995e+00	5.201822e+00
6.879999999999995e+00	5.201829e+00
6.889999999999994e+00	5.201837e+00
6.899999999999994e+00	5.201843e+00
6.909999999999994e+00	5.201849e+00
6.919999999999994e+00	5.201855e+00
6.929999999999993e+00	5.201861e+00
6.939999999999993e+00	5.201867e+00
6.949999999999993e+00	5.201873e+00
6.959999999999993e+00	5.201879e+00
6.969999999999993e+00	5.201885e+00
6.979999999999992e+00	5.201890e+00
6.989999999999992e+00	5.201896e+00
7.000000000000000e+00	5.201902e+00
